Formula target PBE cell_range_Electronegativity cell_mean_Electronegativity cell_mean_MeltingT cell_mean_GSvolume_pa cell_range_Number cell_Max_Electronegativity cell_Max_CovalentRadius cell_Max_GSvolume_pa cell_reduce_MeltingT
S1Se1Ti1 1.5608899999999999 1.03 0.346667 0.741111 313.706667 7.599653 6.0 0.86 53.333332999999996 8.64 65.17519300000001
Cl6Rh2 3.339496 2.38 1.8 1.47 343.975 10.891562 1.5 2.37 76.5 18.373125 104.62311899999999
Al1P1S4 4.011866 2.73 1.451667 0.7844439999999999 155.789444 7.8998740000000005 8.5 1.72 70.0 17.19125 34.247073
Bi2I2S2 2.3130189999999997 1.67 0.213333 0.806667 146.623333 11.305764 22.333333 0.886667 49.333333 14.338332999999999 47.640851
Er2I2Se2 3.266683 2.37 0.473333 0.716667 294.53888900000004 11.057777999999999 11.333333 0.886667 63.0 14.338332999999999 64.421643
Pb1S2 1.3259530000000002 0.71 0.943333 1.248333 229.555 13.280625 16.666667 1.72 70.0 17.19125 112.900999
Br2Pb1 3.6480900000000003 2.75 1.196667 1.375 188.701667 14.511667000000001 4.0 1.9733330000000002 80.0 19.653333 94.000311
Cl2Mo2Se2 2.1263389999999998 1.05 0.333333 0.874444 395.733333 7.3452779999999995 8.333333 1.053333 51.333333 8.64 40.664782
Br2Ca1 6.4888330000000005 5.02 1.64 1.153333 274.433333 16.121667000000002 16.666667 1.9733330000000002 80.0 19.653333 119.99149799999999
Se2Ti2 0.571859 0.09 0.505 1.0225 608.75 10.6525 6.0 1.275 80.0 12.96 196.889938
Cl2S2V2 0.868985 0.46 0.51 0.818889 304.773333 7.032708 2.333333 1.053333 51.0 8.595625 37.620058
Cl2Rh2S2 1.3871799999999999 0.5 0.293333 0.8911110000000001 310.773333 7.102708 9.666667 1.053333 47.333333 8.595625 37.667066999999996
Sb2Te3 1.18513 0.66 0.44 1.04 397.55400000000003 16.741 10.8 1.26 82.8 20.858 197.143227
I6Sb2 3.208984 2.43 1.4825 1.25375 258.04125 20.075625 27.0 1.995 104.25 32.26125 127.024492
Cl6Co2 1.54203 0.44 1.9 1.42 285.35 10.467188 6.0 2.37 76.5 18.373125 99.676538
Al2Cl6 7.05196 5.53 1.9675 1.38625 181.03375 11.246563 9.5 2.37 76.5 18.373125 82.952481
Ge1Te1 2.454069 1.76 0.045 1.0275 483.515 14.442082999999998 10.0 1.05 69.0 17.381667 226.319329
Cl2Mo1 0.790768 0.01 1.386667 1.413333 539.866667 10.780833 2.666667 2.106667 68.0 16.331667000000003 102.279081
Bi2Br2S2 2.5373799999999997 1.74 0.313333 0.84 133.173333 9.801875 22.333333 0.986667 49.333333 10.983333 40.779497
Cl6Fe1Hf1 4.232283 3.54 2.2075 0.920417 222.775 7.4964580000000005 9.5 2.37 76.5 18.373125 65.020372
Ga2Se2 2.565473 1.73 0.37 1.09 199.2275 11.194375 1.5 1.275 61.0 12.96 93.886098
B1N1 5.701716 4.65 0.5 1.27 602.7625 5.485313 1.0 1.52 42.0 7.384375 30.700608000000003
Ge2H2 1.7476040000000002 1.02 0.095 1.0525 306.3525 7.405 15.5 1.1 60.0 11.5025 6.924912
Cl2Pt1 1.361243 0.86 1.346667 1.433333 397.433333 10.669167 14.666667000000002 2.106667 68.0 16.331667000000003 97.935151
P2Si2 2.542348 1.76 0.145 1.0225 501.075 10.75256 0.5 1.095 55.5 11.285119 133.534177
In2Te2 1.8824439999999998 1.25 0.16 0.97 288.1025 14.755832999999999 1.5 1.05 71.0 17.381667 134.745071
Br2O2Rh2 1.6077219999999999 0.8 0.386667 0.9644440000000001 284.177778 5.802778 12.333333 1.146667 47.333333 9.826667 14.842898000000002
Al2Br2O2 5.486307 4.11 0.61 0.89 139.341111 6.118333 9.0 1.146667 40.333333 9.826667 14.441471
Al1N1 4.09998 2.91 0.715 1.1625 249.13 7.812188000000001 3.0 1.52 60.5 8.24 29.530408
Al2Br6 3.69757 2.58 1.8175 1.31125 216.35875 13.115 23.0 2.22 90.0 22.11 107.510815
Cl2O2Ru2 1.8131849999999998 0.87 0.413333 0.977778 314.822222 5.2347220000000005 12.0 1.146667 48.666667 8.165833000000001 13.628101999999998
F2Si2 1.607268 0.69 1.04 1.47 435.125 7.536875 2.5 1.99 55.5 10.22 25.927751
Te2Zr1 0.090556 0.01 0.956667 0.921667 595.553333 15.453610999999999 21.333333 1.4 92.0 23.175556 286.907877
Cl2H2Lu2 0.5319550000000001 0.01 0.63 0.736667 235.734444 6.664167 23.333333 1.053333 62.333332999999996 9.621667 4.288811
In2P6 1.434506 0.76 1.1975 1.04375 172.70625 11.496339 1.0 1.6425 80.25 16.927679 74.02001700000001
C1H2O2Y2 0.8945790000000001 0.47 0.634286 0.581071 269.950714 3.636071 10.857142999999999 0.982857 54.285714 9.247143 3.149936
Bi2S2 0.876332 0.65 0.28 1.15 233.19 14.684219 33.5 1.29 74.0 16.475 113.33203799999998
Cl6W2 1.337045 0.74 1.78 1.48 526.225 11.192812 5.75 2.37 76.5 18.373125 112.96178
Bi2I2O2 2.7373380000000003 2.04 0.473333 0.902222 109.56111100000001 9.452222 25.0 1.146667 49.333333 14.338332999999999 14.703693
Ba1Cl2 6.016648 4.74 1.81 1.201667 223.866667 18.764167 7.3333330000000005 2.106667 71.666667 21.196667 85.169744
Cl6In2 5.252741 3.86 1.925 1.4075 118.06875 12.219063 0.5 2.37 76.5 18.373125 58.555741000000005
Br6Cr2 3.3251690000000003 1.83 1.805 1.3175 372.175 12.45375 20.25 2.22 90.0 22.11 145.96057
B1P1 2.0197279999999997 0.92 0.075 1.0575 666.325 7.435685 5.0 1.095 53.5 11.285119 139.762954
Cl4V2 0.38553000000000004 0.28 1.563333 1.325 421.033333 10.334166999999999 3.666667 2.106667 68.0 16.331667000000003 98.858048
Ga1N1 3.809653 2.53 0.615 1.2125 91.49 8.406562 12.0 1.52 61.0 9.42875 26.093664999999998
Bi2Cl2S2 2.57246 1.76 0.38 0.8622219999999999 122.706667 9.248264 22.333333 1.053333 49.333333 10.983333 32.554241999999995
Cl2Mo2S2 2.188759 1.29 0.333333 0.8777780000000001 383.995556 7.3304860000000005 8.666667 1.053333 51.333333 8.595625 38.105078999999996
Hg1Se2 0.927133 0.01 1.033333 1.183333 203.72 12.846264 4.0 1.7 80.0 17.28 63.133538
Br2S2Sb2 2.1161830000000004 1.44 0.303333 0.843333 173.104444 9.647431 11.666667 0.986667 46.333333 10.52 44.781069
Br2Ho2O2 5.023899 3.73 0.736667 0.847778 229.73333300000002 7.702037 19.666667 1.146667 64.0 10.244444 14.760488
Cl2Ni1 2.657432 1.72 1.47 1.371667 345.2 9.885833 2.0 2.106667 68.0 16.331667000000003 95.44380100000001
O1Tl2 1.9540919999999997 1.03 0.06666699999999999 1.113333 201.466667 10.4875 51.333333 1.146667 96.666667 17.94 17.438562
Br2O2Ru2 0.318056 0.86 0.413333 0.955556 325.28888900000004 5.788333000000001 12.0 1.146667 48.666667 9.826667 14.884948999999999
Se2Zr2 0.44159799999999994 0.11 0.61 0.97 655.5 12.27875 3.0 1.275 87.5 12.96 200.463768
Bi4Se6 1.84727 1.15 0.722 1.169 257.08 14.366 12.8 1.53 72.0 15.552 125.533033
Bi2Pb1Se4 1.461926 0.93 1.1242860000000001 0.789048 174.54333300000002 9.41381 12.0 1.457143 68.57142900000001 14.811429 46.23973
O1Pb1 2.708543 1.65 0.555 1.4425 163.8525 9.30375 37.0 1.72 73.0 14.055 25.109037
Cl2Zn1 6.279138 5.05 1.556667 1.328333 172.64666699999998 10.4925 1.333333 2.106667 68.0 16.331667000000003 76.497849
Br2Mg1 4.8638699999999995 3.75 1.536667 1.205 242.433333 13.641667000000002 19.333333 1.9733330000000002 80.0 19.653333 112.44025800000001
Ca2Si2 0.130924 0.01 0.45 0.725 700.5 14.5525 3.0 0.95 88.0 18.885 335.653997
H2Mn1O2 1.9338229999999998 1.42 1.0659999999999998 0.855333 110.44133300000001 2.795172 4.6 1.376 27.8 3.642 4.398388
S2Sn1 2.517988 1.74 1.066667 1.186667 213.633333 14.143125 6.0 1.72 70.0 17.19125 102.019488
Cr2Si2Te6 1.475655 0.39 0.9279999999999999 0.657333 402.332 9.061333 28.4 1.26 82.8 20.858 132.21019099999998
Br2N2Pt2 1.228656 0.37 0.253333 0.92 263.361111 6.585417 23.666667 1.013333 45.333333 9.826667 16.573428
Br2Mn1 3.562445 2.28 1.456667 1.245 341.766667 11.574598 15.0 1.9733330000000002 80.0 19.653333 131.26246
Br2Zn1 4.859301 3.77 1.423333 1.261667 204.04666699999999 12.153333 13.333332999999998 1.9733330000000002 80.0 19.653333 100.257209
Ba2Br2Cl2 6.268366 5.09 0.756667 0.778889 159.71111100000002 13.063056 13.0 1.053333 71.666667 21.196667 31.477028999999998
I6In2 1.8002150000000001 1.0 1.55 1.22 198.7875 19.163125 27.5 1.995 104.25 32.26125 78.404446
C16Cl8Ge2H48N4 4.167701 3.15 1.302308 0.481692 168.944308 1.8175 1.384615 1.3538459999999999 19.076923 4.070769 1.939659
S2Tl2 1.102769 0.56 0.48 1.05 241.34 13.174219 32.5 1.29 72.5 13.455 116.062257
Ge2P2 1.9766080000000001 1.22 0.09 1.05 382.175 11.39381 8.5 1.095 60.0 11.5025 125.72029199999999
Cl2Pb1 4.468724 3.51 1.33 1.441667 157.30166699999998 12.850833 16.0 2.106667 68.0 16.331667000000003 72.800441
Ga2Se2 2.726377 1.87 0.37 1.09 199.2275 11.194375 1.5 1.275 61.0 12.96 93.886098
I2Ti1 2.6784310000000002 2.52 1.26 1.143333 452.45 17.12 28.0 1.7733330000000003 92.666667 28.676667 184.397502
Cl2Hf1 1.633318 1.0 1.6733330000000002 1.27 474.866667 11.865833 12.666667 2.106667 68.0 16.331667000000003 100.619963
Br2Hf2N2 2.998918 2.02 0.58 0.8111109999999999 314.983333 7.3831940000000005 21.666667 1.013333 58.333332999999996 9.826667 16.648605
Cl2W1 0.398903 0.01 1.32 1.446667 673.033333 10.840833 13.333332999999998 2.106667 68.0 16.331667000000003 104.67733100000001
I2Pb1 3.0855490000000003 2.34 0.996667 1.275 229.05166699999998 19.023332999999997 8.0 1.7733330000000003 92.666667 28.676667 112.70915500000001
Se2Tl2 0.9498549999999999 0.48 0.465 1.0425 267.75 13.2075 23.5 1.275 72.5 13.455 133.070962
Br6Re2 1.993543 1.44 1.745 1.3475 532.05 12.886875 7.5 2.22 90.0 22.11 162.003489
Ge1I2 2.8271290000000002 2.1 1.103333 1.221667 330.85 18.1725 24.666667 1.7733330000000003 92.666667 28.676667 157.38253
Pd1Se2 1.173222 0.53 0.966667 1.216667 469.341667 11.041667 7.3333330000000005 1.7 80.0 17.28 213.78803599999998
Pb1S2 3.108517 2.28 0.943333 1.248333 229.555 13.280625 16.666667 1.72 70.0 17.19125 112.900999
Cd1Cl2 5.307091000000001 4.01 1.543333 1.335 156.23666699999998 11.415 4.6666669999999995 2.106667 68.0 16.331667000000003 72.516874
Cr1S2 1.516899 0.86 1.166667 1.136667 492.78666699999997 10.460625 2.666667 1.72 70.0 17.19125 190.892791
O2Zr1 3.159884 1.7 1.85 1.368333 372.933333 6.900833 8.0 2.293333 58.333332999999996 7.731667 34.743891999999995
Br2Ca1 5.485206 4.21 1.64 1.153333 274.433333 16.121667000000002 16.666667 1.9733330000000002 80.0 19.653333 119.99149799999999
Br4Pt2 0.9627049999999999 0.24 1.213333 1.366667 428.833333 12.33 2.666667 1.9733330000000002 80.0 19.653333 140.589227
Mn2Se2 2.151554 1.26 0.5 1.025 503.25 9.101897 4.5 1.275 69.5 12.96 186.384998
S1Se1W1 2.161547 1.65 0.07333300000000001 0.8322219999999999 508.59555599999993 7.528542 19.333333 0.86 54.0 8.64 68.448266
H2Mg2O3 3.9432739999999997 2.5 1.1 0.825714 97.067619 4.110714 3.142857 1.474286 40.285714 6.54 3.376181
Sb2Sn1Te4 0.24883899999999998 0.03 0.92 0.688571 247.775238 11.212302000000001 22.571429000000002 1.2 78.85714300000001 19.864762 49.619361
Cl2Se2V2 1.010059 0.19 0.51 0.8155560000000001 316.51111099999997 7.0475 5.6666669999999995 1.053333 51.0 8.64 40.112882
Te2V2 1.1418760000000001 0.6 0.235 0.9325 726.415 11.943333 14.5 1.05 76.5 17.381667 271.464449
Cl2N2Ti2 1.636671 1.27 0.54 0.86 241.738889 6.217361 5.0 1.053333 53.333332999999996 8.165833000000001 15.012897
Hg1I2 2.312622 1.4 1.106667 1.22 168.003333 18.544598 8.666667 1.7733330000000003 92.666667 28.676667 59.950326000000004
Cr1S1Se1 1.409342 0.8 0.306667 0.754444 340.262222 6.988542 6.0 0.86 46.333333 8.64 65.903015
Cl2Rh2Se2 0.635817 0.13 0.293333 0.8877780000000001 322.51111099999997 7.1175 9.333333 1.053333 47.333333 8.64 40.166331
Ge2S2 1.1570340000000001 0.73 0.285 1.1475 399.94 12.197969 8.0 1.29 60.0 12.893436999999999 147.04058899999998
Al2Si2Te6 2.02287 1.34 0.938 0.654 319.23 9.414 28.6 1.26 82.8 20.858 94.104415
Mo1N2 0.010214 0.01 1.306667 1.373333 503.683333 7.537917 9.333333 2.0266669999999998 51.333333 9.845833 40.279452
O2Sn1 4.676701 3.1 1.64 1.473333 102.446667 8.5825 11.333333 2.293333 46.333333 11.095 30.019288
Pb1Se2 2.662941 1.89 0.923333 1.238333 264.768333 13.325 4.6666669999999995 1.7 80.0 17.28 124.511928
I6Tl2 1.716045 1.02 1.59 1.2 217.19375 19.494375 19.5 1.995 104.25 32.26125 96.347925
Br2Ir2O2 1.7157950000000002 0.96 0.413333 0.955556 339.955556 5.866111 23.0 1.146667 47.0 9.826667 14.897247
In2S2 2.4726790000000003 1.64 0.4 1.09 204.5275 12.511719 16.5 1.29 71.0 12.893436999999999 102.001999
Cl2Pt2Se2 0.297548 0.02 0.293333 0.8877780000000001 300.77777799999996 7.2708330000000005 20.333333 1.053333 45.333333 8.64 39.960085
Bi2Pb2Se5 1.319402 0.8 0.967778 0.7944439999999999 176.29703700000002 9.322963 0.666667 1.416667 66.666667 14.4 51.540844
Br2Pt2Se2 0.150799 0.01 0.226667 0.865556 311.244444 7.824444000000001 14.666667000000002 0.986667 45.333333 9.826667 53.109182
Cl2O2W2 0.121396 0.01 0.36 0.995556 435.711111 5.5169440000000005 22.0 1.146667 54.0 8.165833000000001 13.691325
C1F2Si1 3.3806849999999997 1.93 1.515 1.034167 468.083333 3.79125 3.0 1.99 28.5 5.11 24.509473999999997
Cl2O2Rh2 1.829607 1.01 0.386667 0.986667 273.71111099999996 5.249167 12.333333 1.146667 47.333333 8.165833000000001 13.592842999999998
Cl2S2Tl2 1.0022280000000001 0.12 0.513333 0.817778 126.32888899999999 8.577153 21.666667 1.053333 48.333333 8.97 32.88758
Bi2Br2Se2 1.94713 1.15 0.313333 0.836667 144.911111 9.816667 16.333333 0.986667 49.333333 10.983333 43.725003
S2V1 0.425178 0.22 1.176667 1.131667 493.28666699999997 10.763958 3.0 1.72 70.0 17.19125 190.96173100000001
O2W1 2.167451 1.33 1.506667 1.54 634.1 5.71 19.333333 2.293333 54.0 6.07 35.480909000000004
Br2Zr1 1.385669 0.86 1.53 1.208333 443.266667 13.6925 10.0 1.9733330000000002 80.0 19.653333 141.78132
As1B1 1.184402 0.76 0.07 1.055 859.5 7.336875 14.0 1.09 59.5 11.0875 372.210588
Br6Tl2 2.678972 1.76 1.815 1.3125 171.8 14.41875 6.0 2.22 90.0 22.11 83.691029
Mo1S2 2.338151 1.62 1.0 1.22 612.12 11.210625 3.333333 1.72 70.0 17.19125 204.15215600000002
Br2O2Zr2 0.205947 0.01 0.703333 0.8588889999999999 272.066667 6.864444000000001 10.666667 1.146667 58.333332999999996 9.826667 14.827779000000001
I6Rh2 2.296003 1.57 1.425 1.2825 424.69375 17.835625 28.5 1.995 104.25 32.26125 191.031063
Ge1O2 2.888377 1.38 1.623333 1.481667 220.166667 6.869167 5.3333330000000005 2.293333 44.0 7.6683330000000005 33.502256
Cd1Te1 1.967127 1.26 0.205 0.9475 329.22 13.564582999999999 2.0 1.05 72.0 17.381667 163.044099
Hf2Te2 0.222558 0.06 0.4 0.85 807.165 14.240832999999999 10.0 1.05 87.5 17.381667 280.454734
I6Ta2 0.380853 0.09 1.62 1.185 556.31875 18.395625 21.5 1.995 104.25 32.26125 214.479643
Se2Ti1 0.36646799999999996 0.2 1.186667 1.106667 488.166667 11.421667 15.333332999999998 1.7 80.0 17.28 218.243769
S2Sc2 0.929982 0.64 0.61 0.985 550.59 12.005469 2.5 1.29 85.0 12.893436999999999 159.93866599999998
Br6W2 0.505352 0.07 1.63 1.405 561.55 13.06125 7.75 2.22 90.0 22.11 163.965419
O2Pd1 3.124283 1.96 1.56 1.513333 322.941667 5.436667 10.0 2.293333 46.333333 6.07 34.466885
Cl2Zr1 1.613429 1.02 1.6633330000000002 1.275 411.866667 12.031667 2.0 2.106667 68.0 16.331667000000003 98.51214
Hf1I2 0.22207800000000003 0.02 1.34 1.103333 546.616667 18.038332999999998 11.333333 1.7733330000000003 92.666667 28.676667 197.059914
I6Sc2 3.181282 2.39 1.655 1.1675 371.81875 18.91 34.5 1.995 104.25 32.26125 176.93749499999998
Br2Ge1 3.1706380000000003 2.34 1.303333 1.321667 290.5 13.660832999999998 12.666667 1.9733330000000002 80.0 19.653333 123.155525
Pt1Te2 1.1593639999999998 0.61 0.64 1.08 581.12 14.091110999999998 8.666667 1.4 92.0 23.175556 282.06798399999997
Bi2Br2O2 3.3314790000000003 2.41 0.473333 0.9355559999999999 96.111111 7.948333 25.0 1.146667 49.333333 10.983333 13.977829999999999
Br2Co2S2 1.160872 0.38 0.36 0.8244440000000001 269.128889 7.279097 6.3333330000000005 0.986667 42.0 9.826667 48.289803000000006
I2Zr1 1.3834440000000001 0.78 1.33 1.108333 483.616667 18.204167 22.0 1.7733330000000003 92.666667 28.676667 189.13437
Ba1Br2 5.325743 4.2 1.676667 1.135 255.26666699999998 20.425 4.6666669999999995 1.9733330000000002 80.0 21.196667 115.696004
Al2I2O2 3.3062989999999997 2.23 0.61 0.856667 152.791111 7.622222 15.0 1.146667 46.333333 14.338332999999999 15.217623000000001
Br2H4Tb2 2.4539470000000003 1.77 0.7975 0.714167 160.235 6.203889 15.75 1.1 48.5 7.9341669999999995 6.239877
Cl2O2V2 2.889983 1.2 0.603333 0.914444 267.71111099999996 5.179167 5.0 1.146667 51.0 8.165833000000001 13.586717000000002
Al2I6 3.363579 2.42 1.5925 1.19875 261.7525 18.190625 36.5 1.995 104.25 32.26125 129.337185
Sc2Se2 0.833989 0.55 0.595 0.9775 577.0 12.03875 6.5 1.275 85.0 12.96 194.132582
Br2N2Sn2 2.751346 1.86 0.36 0.884444 92.658889 8.614861 14.333332999999998 1.013333 46.333333 11.095 15.430284
In2Se3 1.100894 0.52 0.818 1.121 234.15 12.628 0.8 1.53 72.0 15.552 108.800256
As1Na3 0.7485649999999999 0.29 0.1525 0.62125 275.32625 13.738125 0.0 0.6975 124.5 21.9325 137.648619
Te2Ti2 0.619563 0.27 0.28 0.91 665.915 12.863333 15.0 1.05 80.0 17.381667 263.299944
Cd2P2S6 3.08796 1.96 1.21 0.774667 138.44 7.961724 6.6 1.548 63.0 15.472125 35.132219
Br2Sc2Se2 2.6163060000000002 1.94 0.533333 0.763333 285.977778 8.626111 4.6666669999999995 0.986667 56.666667000000004 9.826667 52.594597
Bi2Cl6 4.184514 3.21 1.865 1.4375 132.4 13.305311999999999 8.0 2.37 76.5 18.373125 66.148301
Al2Br6 5.285419 4.05 1.8175 1.31125 216.35875 13.115 23.0 2.22 90.0 22.11 107.510815
Co1Se2 0.152256 0.01 1.073333 1.163333 459.333333 10.3475 13.666667000000002 1.7 80.0 17.28 211.27043999999998
O2Ti1 2.587488 1.49 1.78 1.403333 341.766667 5.816667 2.0 2.293333 53.333332999999996 6.07 34.580708
Se2Sn1 1.4926540000000001 0.88 1.046667 1.176667 248.846667 14.1875 6.0 1.7 80.0 17.28 111.407078
Cl4Tl2 2.808011 1.84 1.566667 1.323333 153.366667 12.650833 15.666667000000002 2.106667 68.0 16.331667000000003 71.733101
I2Sn1 2.8494349999999997 2.14 1.12 1.213333 213.13 19.885832999999998 18.666667 1.7733330000000003 92.666667 28.676667 101.86281600000001
Pd4Se6Tl2 1.615349 0.88 1.005 0.759444 317.505556 7.416111 3.5 1.275 60.0 12.96 62.157012
Cl2Hf2N2 3.2500240000000002 2.14 0.62 0.833333 304.516667 6.829583 21.666667 1.053333 58.333332999999996 8.165833000000001 15.09185
Al1N1 4.099623 2.9 0.715 1.1625 249.13 7.812188000000001 3.0 1.52 60.5 8.24 29.530408
Br6Sb2 3.899056 2.95 1.7075 1.36625 212.6475 15.0 13.5 2.22 90.0 22.11 105.907983
Cl2Ru1 2.092473 0.82 1.373333 1.42 491.7 10.4175 3.333333 2.106667 68.0 16.331667000000003 101.091723
As2Cl6 5.023137999999999 3.86 1.825 1.4575 200.6 11.958437 4.5 2.37 76.5 18.373125 87.414631
Pt1Se2 1.951036 1.25 0.94 1.23 504.9 11.143333 3.333333 1.7 80.0 17.28 221.92548599999998
Cl6Os2 1.634768 1.08 1.82 1.46 477.6 10.947813 6.25 2.37 76.5 18.373125 111.359454
Br2Rh2Se2 0.5981449999999999 0.11 0.226667 0.865556 332.977778 7.671111 3.666667 0.986667 47.333333 9.826667 53.474111
Bi1I1Te1 2.112308 1.55 0.213333 0.753333 183.767778 12.303148 10.333333 0.886667 49.333333 14.338332999999999 57.415408
Cl2O2Tl2 1.971163 0.97 0.606667 0.913333 89.266667 6.723611 24.333333 1.146667 48.333333 8.97 12.9155
Br2Sr1 6.197787 5.0 1.656667 1.145 263.6 18.865 10.666667 1.9733330000000002 80.0 19.653333 117.64036399999999
Al6I2Te6 2.716149 1.98 0.52 0.656667 255.011429 9.36881 16.714285999999998 0.9 59.14285699999999 14.898570999999999 41.975687
S2Ti1 0.9529280000000001 0.7 1.206667 1.116667 452.953333 11.377292 3.333333 1.72 70.0 17.19125 184.911558
Ag1Bi1P2Se6 2.343373 1.63 1.337 0.59075 134.44825 6.248512 17.4 1.53 72.0 15.552 21.930667
Cl6Fe1Zr1 4.109381 2.98 2.20375 0.921667 207.025 7.537917 9.5 2.37 76.5 18.373125 62.708289
Cl6Sc2 4.701744000000001 3.68 2.03 1.355 291.1 11.965937 7.5 2.37 76.5 18.373125 100.24982800000001
As2S6Sn1Tl2 2.5043279999999997 1.73 1.229091 0.569091 140.21 6.5040059999999995 10.181818 1.407273 57.272727 14.065567999999999 24.344306
C2O2Ti3 0.44464799999999993 0.22 0.322857 0.7904760000000001 646.6 3.788571 7.714286 0.982857 68.57142900000001 7.152857000000001 15.154670999999999
Pb1Se2 0.58433 0.13 0.923333 1.238333 264.768333 13.325 4.6666669999999995 1.7 80.0 17.28 124.511928
P2Si2 2.2499540000000002 1.51 0.145 1.0225 501.075 10.75256 0.5 1.095 55.5 11.285119 133.534177
Bi2Cl6 4.298788 3.37 1.865 1.4375 132.4 13.305311999999999 8.0 2.37 76.5 18.373125 66.148301
Cl4Pt2 1.395134 0.53 1.346667 1.433333 397.433333 10.669167 14.666667000000002 2.106667 68.0 16.331667000000003 97.935151
C1F2Y2 1.9792 1.14 1.104 0.863333 501.866667 5.985666999999999 14.4 1.5919999999999999 76.0 12.946 20.232059
I3P1 3.4249949999999996 2.42 1.4475 1.27125 184.73125 18.951905 36.0 1.995 104.25 32.26125 62.293622
Br6Sc2 3.9523980000000005 3.0 1.88 1.28 326.425 13.834375 21.0 2.22 90.0 22.11 138.47779
Cl6Ir2 3.559311 2.64 1.82 1.46 406.725 10.962812 6.5 2.37 76.5 18.373125 108.337728
Re2Te2 0.160186 0.01 0.1 1.0 1045.415 12.354583 11.5 1.05 75.5 17.381667 298.88620099999997
N2Y1 0.22363400000000003 0.01 1.62 1.216667 320.85 10.317083 8.333333 2.0266669999999998 63.333332999999996 10.788333 39.28002
Al1As1 2.194458 1.27 0.285 0.9475 505.8675 9.66375 10.0 1.09 60.5 11.0875 251.42015899999998
S2Zr1 1.8447930000000001 0.96 1.276667 1.081667 484.12 12.461458 2.666667 1.72 70.0 17.19125 189.67521399999998
Br2Cd1 4.4374839999999995 3.31 1.41 1.268333 187.636667 13.075833 7.3333330000000005 1.9733330000000002 80.0 19.653333 93.528081
Te1Zn1 2.5779080000000003 1.87 0.225 0.9375 353.835 12.180833 11.0 1.05 69.0 17.381667 176.83812
Hf1Se2 1.658007 0.89 1.266667 1.066667 582.333333 12.34 1.333333 1.7 80.0 17.28 236.207594
I2Mn1 3.381322 1.86 1.256667 1.145 382.116667 16.086264 27.0 1.7733330000000003 92.666667 28.676667 170.868452
Al2Se2 2.748789 2.01 0.47 1.04 356.8675 10.6 10.5 1.275 60.5 12.96 161.52149599999998
Au1O2 0.037663 0.01 1.446667 1.57 241.155 5.818333 21.0 2.293333 45.333333 6.07 33.766058
Cl2Ga2S2 2.514987 1.51 0.45 0.838889 95.874444 7.682430999999999 5.0 1.053333 40.666667 8.595625 28.480907000000002
Ir2Se2 1.329458 0.66 0.175 1.1875 808.25 10.0325 21.5 1.275 70.5 12.96 209.25858300000002
Cl2Ti1 1.367615 0.78 1.5933329999999999 1.31 380.7 10.9475 4.0 2.106667 68.0 16.331667000000003 97.211453
Br2Pb1 4.062821 3.21 1.196667 1.375 188.701667 14.511667000000001 4.0 1.9733330000000002 80.0 19.653333 94.000311
Br2Pd1 0.991008 0.23 1.24 1.353333 393.275 12.228333000000001 8.0 1.9733330000000002 80.0 19.653333 137.279029
Mo2O2 0.190398 0.01 0.64 1.4 737.7 6.19875 17.0 1.72 77.0 7.845 26.891147999999998
I6Nb2 0.691705 0.43 1.595 1.1975 488.81875 18.403125 29.5 1.995 104.25 32.26125 204.03220100000001
I2V1 2.9283900000000003 2.57 1.23 1.158333 492.783333 16.506667 27.666666999999997 1.7733330000000003 92.666667 28.676667 190.413535
Cl2Cr2S2 1.9888759999999999 0.85 0.5 0.8222219999999999 304.44 6.8304860000000005 2.666667 1.053333 46.333333 8.595625 37.617382
Ag2Bi2O4 3.240909 2.29 1.2375 0.9025 157.410833 5.624167 16.75 1.72 37.0 8.2375 21.239116
Te2Zr1 1.003659 0.4 0.956667 0.921667 595.553333 15.453610999999999 21.333333 1.4 92.0 23.175556 286.907877
Al2S2 2.968552 2.1 0.485 1.0475 330.4575 10.566719 1.5 1.29 60.5 12.893436999999999 137.128984
Cl2Er2O2 6.828645 5.32 0.733333 0.8711110000000001 221.822222 7.131944 20.0 1.146667 63.0 10.195 13.527779999999998
Co2I6 1.9020759999999999 1.14 1.525 1.2325 366.06875 17.41125 33.0 1.995 104.25 32.26125 175.159413
C1F2Sc2 1.991596 1.29 1.082 0.882 503.866667 4.635 7.2 1.5919999999999999 68.0 8.894 20.236764
Cl6Mn2 2.874908 1.5 1.9825 1.37875 254.225 10.497511 6.5 2.37 76.5 18.373125 96.123168
Al2I2S2 2.589013 1.76 0.35 0.761111 189.85333300000002 9.475764 13.333332999999998 0.886667 46.333333 14.338332999999999 53.494386
N2Sn2 1.146141 0.51 0.54 1.25 142.0325 12.013437 21.5 1.52 69.5 16.6425 28.026415000000004
Cl2Sc2Se2 2.502127 1.84 0.6 0.785556 275.51111099999997 8.0725 5.6666669999999995 1.053333 56.666667000000004 8.64 39.668064
Br4Nb2Se4 2.056295 1.42 0.8640000000000001 0.841333 284.64 8.598666999999999 5.8 1.1840000000000002 48.0 11.792 61.408168
S1Se1V1 0.6689039999999999 0.42 0.31666700000000003 0.751111 340.595556 7.190764 6.0 0.86 51.0 8.64 65.911229
Cl2Os1 2.918364 2.43 1.373333 1.42 608.2 10.514167 14.0 2.106667 68.0 16.331667000000003 103.640908
C1Cr2H2O2 0.969593 0.15 0.618571 0.6125 297.165 2.123571 6.571428999999999 0.982857 39.714286 3.197143 3.153314
As4O6 5.191498 3.89 1.192 1.4680000000000002 234.44 7.1665 8.4 2.064 47.6 8.87 30.574305
Bi2I2Se2 2.586566 1.81 0.213333 0.803333 158.36111100000002 11.320556 16.333333 0.886667 49.333333 14.338332999999999 51.710392999999996
Ag1Er1P2Se6 2.784238 1.98 1.406 0.57125 165.08825 6.189387 17.4 1.53 72.0 15.552 30.414440000000003
Cl6Tl2 2.756063 1.64 1.965 1.3875 136.475 12.550312 7.5 2.37 76.5 18.373125 68.016029
Cl2O2Sc2 5.928577 4.79 0.693333 0.884444 226.711111 6.204167 4.3333330000000005 1.146667 56.666667000000004 8.165833000000001 13.535307999999999
Bi2F2O2 4.699902 3.45 0.6533329999999999 1.048889 72.522222 5.751389 25.0 1.326667 49.333333 10.983333 8.596239
Al2Mg1Se4 2.124916 1.21 1.27 0.701429 226.94952400000003 7.596667 17.714285999999998 1.457143 68.57142900000001 14.811429 67.22270400000001
Br2Ir2Se2 0.872898 0.35 0.253333 0.856667 388.755556 7.734444 14.333332999999998 0.986667 47.0 9.826667 54.186308
Cl6Ru2 1.970102 1.2 1.82 1.46 390.225 10.875313 1.75 2.37 76.5 18.373125 107.476744
Cl2Hg1 3.247413 2.09 1.44 1.386667 96.253333 12.372098 15.333332999999998 2.106667 68.0 16.331667000000003 46.416069
Bi2Se2 0.675189 0.43 0.265 1.1425 259.6 14.7175 24.5 1.275 74.0 16.475 129.494222
I6Tl2 0.940457 0.31 1.59 1.2 217.19375 19.494375 19.5 1.995 104.25 32.26125 96.347925
Cr2O6 2.852529 1.12 2.165 1.4975 293.05 4.813125 0.0 2.58 49.5 6.82875 38.217881
Se2V2 1.092943 0.56 0.46 1.045 669.25 9.7325 5.5 1.275 76.5 12.96 201.419873
Ba1Cl2 6.889206 5.61 1.81 1.201667 223.866667 18.764167 7.3333330000000005 2.106667 71.666667 21.196667 85.169744
Bi2Se3 1.497507 0.88 0.722 1.169 257.08 14.366 12.8 1.53 72.0 15.552 125.533033
Br2N2V2 0.047570999999999995 0.01 0.47 0.847778 279.094444 6.362083 9.333333 1.013333 51.0 9.826667 16.599653
I6Ir2 0.955333 0.45 1.445 1.2725 487.44375 17.906875 20.5 1.995 104.25 32.26125 203.78931200000002
Cl2Cr2O2 3.364559 1.76 0.593333 0.9177780000000001 267.377778 4.9769440000000005 5.3333330000000005 1.146667 46.333333 8.165833000000001 13.586367999999998
I2Mg1 3.8667059999999998 2.96 1.336667 1.105 282.783333 18.153333 31.333333000000003 1.7733330000000003 92.666667 28.676667 140.29686999999998
Pt1S2 2.726041 1.85 0.96 1.24 469.686667 11.098958 15.333332999999998 1.72 70.0 17.19125 187.547751
Br4O2 3.117946 1.77 0.826667 1.56 97.733333 11.344167 20.666667 1.9733330000000002 80.0 19.653333 16.559618
Bi1Cl1Te1 2.345725 1.74 0.38 0.8088890000000001 159.851111 10.245648 22.0 1.053333 49.333333 11.587778 36.839874
Hf1S2 2.131685 1.35 1.286667 1.076667 547.12 12.295625 13.333332999999998 1.72 70.0 17.19125 197.647106
Hf1Se2 1.322175 0.64 1.266667 1.066667 582.333333 12.34 1.333333 1.7 80.0 17.28 236.207594
O2Zr1 6.104867 4.4 1.85 1.368333 372.933333 6.900833 8.0 2.293333 58.333332999999996 7.731667 34.743891999999995
Ag1P2Se6Tm1 2.807091 2.0 1.405 0.5715 166.28825 6.169262000000001 17.4 1.53 72.0 15.552 30.553054
Te2Ti1 1.195117 0.75 0.886667 0.956667 564.386667 14.369444 27.333333000000003 1.4 92.0 23.175556 276.14698
Cl2N2Zr2 2.905984 1.84 0.61 0.836667 262.516667 6.940139 11.0 1.053333 58.333332999999996 8.165833000000001 15.043571
Cr2I2Se2 0.523352 0.05 0.333333 0.763333 340.094444 8.902778 9.666667 0.886667 46.333333 14.338332999999999 65.772316
I2Sn1 2.7048400000000004 2.05 1.12 1.213333 213.13 19.885832999999998 18.666667 1.7733330000000003 92.666667 28.676667 101.86281600000001
Br2Ge2O2 0.031447 0.01 0.476667 0.934444 170.222222 6.843333 9.0 1.146667 40.0 9.826667 14.596903
Ba1I2 5.1889330000000005 4.14 1.476667 1.035 295.616667 24.936667 16.666667 1.7733330000000003 92.666667 28.676667 145.402266
Ag1In1P2S6 2.4908650000000003 1.64 1.37 0.58925 115.736 6.011293 6.6 1.548 63.0 15.472125 19.449019
I7Se1Ta3 1.382387 0.82 1.460909 0.777879 396.11969700000003 11.557121 30.636364 1.692727 88.454545 27.373182 36.438092
Br2Hg1 3.057297 2.03 1.306667 1.32 127.653333 14.032931 3.333333 1.9733330000000002 80.0 19.653333 54.21128100000001
In1P1 1.987739 1.07 0.205 0.9925 186.7625 11.70756 17.0 1.095 71.0 12.13 91.265427
Sc1Te2 0.13029000000000002 0.01 0.946667 0.926667 543.22 15.293610999999999 27.666666999999997 1.4 92.0 23.175556 268.134711
Cl6Re2 1.5649309999999998 1.28 1.895 1.4225 496.725 11.018436999999999 6.0 2.37 76.5 18.373125 112.027103
Cl2Sn1 3.251691 2.38 1.453333 1.38 141.38 13.713332999999999 5.3333330000000005 2.106667 68.0 16.331667000000003 68.11565999999999
Bi2Br6 3.5504839999999995 2.74 1.715 1.3625 167.725 15.17375 5.5 2.22 90.0 22.11 80.881011
O18Te8 3.723779 2.61 1.735385 1.5138459999999998 130.147692 8.499936 10.461538000000001 2.381538 45.692308000000004 10.69641 32.408871000000005
Br2Ir2S2 1.280025 0.66 0.253333 0.86 377.01777799999996 7.719653 20.333333 0.986667 47.0 9.826667 49.734509
Cl4I4Ta2 2.268506 1.55 0.9640000000000001 0.8759999999999999 293.793333 10.209667 14.4 1.264 55.6 17.206 44.343982000000004
I2Mo1 0.403281 0.01 1.053333 1.246667 611.616667 16.953332999999997 21.333333 1.7733330000000003 92.666667 28.676667 203.525738
H2Mg4O5 3.8089519999999997 2.59 1.1636360000000001 0.813333 121.03090900000001 4.555 4.181818 1.563636 51.272727 8.323636 2.295146
Ge2Se2 1.069485 0.56 0.27 1.14 426.35 12.23125 1.0 1.275 60.0 12.96 175.451976
Pt4Te6Tl2 1.546233 0.74 0.78 0.693333 379.321111 8.957778 12.5 1.05 69.0 17.381667 68.325863
I6Sc2 3.3598209999999997 2.63 1.655 1.1675 371.81875 18.91 34.5 1.995 104.25 32.26125 176.93749499999998
Bi1O2 1.97976 0.42 1.62 1.483333 109.0 8.526667 22.333333 2.293333 49.333333 10.983333 30.410928000000002
Mo2S2Se2 1.0726040000000001 0.65 0.14 0.81 419.81777800000003 7.488542 8.666667 0.86 51.333333 8.64 67.414621
Cl2Rh2Te2 2.291888 1.68 0.353333 0.837778 347.917778 8.100093 11.666667 1.053333 47.333333 11.587778 43.525706
Br6Ta2 1.233407 0.17 1.845 1.2975 510.925 13.32 8.0 2.22 90.0 22.11 160.459338
Al2Br2Se2 2.354818 1.49 0.45 0.791111 188.14111100000002 7.986667 7.3333330000000005 0.986667 40.333333 9.826667 48.606521
Mn1O2 3.237294 1.85 1.7766669999999998 1.405 271.433333 4.782931 3.0 2.293333 46.333333 6.07 34.074746999999995
O2Sn1 2.064934 0.81 1.64 1.473333 102.446667 8.5825 11.333333 2.293333 46.333333 11.095 30.019288
Cl6Mo2 0.683642 0.31 1.83 1.455 426.35 11.147812 2.25 2.37 76.5 18.373125 109.27500900000001
Rh2S2 0.5899909999999999 0.16 0.15 1.215 656.34 9.856719 14.5 1.29 71.0 12.893436999999999 165.455656
Ge1O1 2.901015 2.12 0.715 1.3625 316.55 8.0275 12.0 1.72 60.0 11.5025 26.214153
Cl6Y2 6.6100449999999995 5.13 2.065 1.3375 289.225 13.232187 3.0 2.37 76.5 18.373125 100.06539000000001
Br2N2Ti2 1.627872 1.23 0.5 0.837778 252.205556 6.770972 9.333333 1.013333 53.333332999999996 9.826667 16.552575
C1H2Si1 4.758293 3.71 0.625 0.7375 461.501667 3.275833 3.0 1.1 27.75 5.11 6.84123
Al2Cl2Se2 2.325719 1.4 0.516667 0.813333 177.674444 7.433056 7.0 1.053333 40.333333 8.64 37.356355
Br2Sn1 3.3326260000000003 2.54 1.32 1.313333 172.78 15.374167000000002 6.6666669999999995 1.9733330000000002 80.0 19.653333 86.333465
Mg2P2Se6 3.223495 2.03 1.268 0.743333 181.48666699999998 8.214683 18.0 1.53 72.0 15.552 40.735031
I2Re1 1.211007 0.76 1.14 1.203333 705.45 16.780832999999998 10.333333 1.7733330000000003 92.666667 28.676667 210.75816899999998
Br2O2Sc2 4.774755 3.82 0.693333 0.8622219999999999 237.177778 6.757778 9.0 1.146667 56.666667000000004 9.826667 14.774320000000001
Cd1Cl2 4.429448000000001 3.17 1.543333 1.335 156.23666699999998 11.415 4.6666669999999995 2.106667 68.0 16.331667000000003 72.516874
C1Cr2 0.082784 0.01 0.25666700000000003 0.978333 1363.833333 4.67 14.0 1.106667 92.666667 7.46 678.979999
Br2Ni1 2.437035 1.24 1.336667 1.305 376.6 11.546667 14.0 1.9733330000000002 80.0 19.653333 135.511418
Cl2Ir2S2 1.3051030000000001 0.68 0.32 0.882222 366.551111 7.166042 20.333333 1.053333 47.0 8.595625 38.019056
Br4Zr2 1.2484389999999999 0.58 1.53 1.208333 443.266667 13.6925 10.0 1.9733330000000002 80.0 19.653333 141.78132
Ni1S2 1.071531 0.39 1.083333 1.178333 417.453333 10.315625 1.333333 1.72 70.0 17.19125 178.619055
C1O2Ta2 0.013691 0.01 0.866 0.828667 700.84 4.006 28.0 1.376 68.0 7.247999999999999 20.969553
Cl6W2 1.3404399999999999 0.89 1.78 1.48 526.225 11.192812 5.75 2.37 76.5 18.373125 112.96178
Bi2Br6 3.80957 2.99 1.715 1.3625 167.725 15.17375 5.5 2.22 90.0 22.11 80.881011
Cl2S2Ta2 0.125095 0.01 0.553333 0.8044439999999999 427.773333 7.600486 19.0 1.053333 56.666667000000004 8.595625 38.286066
C2F6O6S2Zn1 7.889607000000001 6.07 1.307647 0.663882 114.88470600000001 2.231632 2.4705880000000002 1.404706 23.294118 3.4261760000000003 6.522506
Ga2S2 3.4045690000000004 2.44 0.385 1.0975 172.8175 11.161094 7.5 1.29 61.0 12.893436999999999 85.088408
Cl2Mo1 1.454685 0.34 1.386667 1.413333 539.866667 10.780833 2.666667 2.106667 68.0 16.331667000000003 102.279081
Au1K1Se2 2.103917 1.18 1.07 0.705 221.821667 11.803889 15.0 1.275 60.0 18.276667 52.838398
In2Te2 2.013236 1.37 0.16 0.97 288.1025 14.755832999999999 1.5 1.05 71.0 17.381667 134.745071
I6Ir2 2.647466 1.93 1.445 1.2725 487.44375 17.906875 20.5 1.995 104.25 32.26125 203.78931200000002
Bi2O2 1.74167 0.91 0.71 1.365 149.8 10.51375 37.5 1.72 74.0 16.475 24.894126
Te2Zr2 0.802137 0.49 0.385 0.8575 712.665 14.489582999999998 6.0 1.05 87.5 17.381667 269.730603
Cl2Hg1 3.654753 2.44 1.44 1.386667 96.253333 12.372098 15.333332999999998 2.106667 68.0 16.331667000000003 46.416069
Br2Lu2S2 4.07771 3.03 0.563333 0.756667 287.79555600000003 9.347986 18.333333 0.986667 62.333332999999996 9.826667 48.635625
Ge2N2 2.270679 1.14 0.515 1.2625 318.6125 9.443437 12.5 1.52 60.0 11.5025 29.965384999999998
Cr2I2S2 2.0665400000000003 0.45 0.333333 0.766667 328.356667 8.887986 12.333333 0.886667 46.333333 14.338332999999999 59.326471
H2Mg5O6 3.7619839999999996 2.57 1.249231 0.81 127.482564 4.674615 4.461538 1.587692 54.230768999999995 8.803846 1.975079
Cl6Sb2 4.916647 3.82 1.8575 1.44125 177.3225 13.131561999999999 0.0 2.37 76.5 18.373125 81.995013
C2O6V1 2.5822700000000003 1.16 2.112222 1.0137040000000002 376.214815 2.922963 4.0 2.293333 44.0 6.07 30.607139
Br2Pt1 1.035324 0.43 1.213333 1.366667 428.833333 12.33 2.666667 1.9733330000000002 80.0 19.653333 140.589227
H2Si2 2.94168 2.18 0.15 1.025 425.2525 6.76375 6.5 1.1 55.5 10.22 6.947305
Br6Os2 1.416139 0.8 1.67 1.385 512.925 12.81625 7.25 2.22 90.0 22.11 160.610981
Br2Cr2S2 2.403195 0.75 0.43333299999999997 0.8 314.90666699999997 7.384097 6.3333330000000005 0.986667 46.333333 9.826667 49.049374
Br2Hg1 2.664669 1.71 1.306667 1.32 127.653333 14.032931 3.333333 1.9733330000000002 80.0 19.653333 54.21128100000001
Sb2Se1Te2 1.119535 0.62 0.33 0.723333 249.792 10.571111 14.0 0.84 55.6 13.905332999999999 61.173083999999996
Ca1I2 5.135662 3.92 1.44 1.053333 314.783333 20.633333 28.666666999999997 1.7733330000000003 92.666667 28.676667 152.252078
Bi2Pb1Te4 1.519684 1.02 0.867143 0.703333 218.09761899999998 11.098253999999999 18.0 1.2 78.85714300000001 19.864762 48.767348999999996
Hg1I2 1.873574 1.0 1.106667 1.22 168.003333 18.544598 8.666667 1.7733330000000003 92.666667 28.676667 59.950326000000004
Bi2Cl2Se2 1.967929 1.16 0.38 0.8588889999999999 134.444444 9.263056 22.0 1.053333 49.333333 10.983333 34.404404
Br2Cr2O2 2.825587 1.43 0.593333 0.8955559999999999 277.844444 5.530556 9.0 1.146667 46.333333 9.826667 14.835177
Cl4Sn2 3.7880550000000004 2.89 1.453333 1.38 141.38 13.713332999999999 5.3333330000000005 2.106667 68.0 16.331667000000003 68.11565999999999
Br2Sr1 5.504455999999999 4.38 1.656667 1.145 263.6 18.865 10.666667 1.9733330000000002 80.0 19.653333 117.64036399999999
Cl4Ge2 3.89495 2.92 1.436667 1.388333 259.1 12.0 0.666667 2.106667 68.0 16.331667000000003 89.144577
Rh2Se2 0.84383 0.27 0.135 1.2075 682.75 9.89 5.5 1.275 71.0 12.96 202.32112800000002
H2Mg1O2 4.806524 3.3 1.114 0.839333 70.708 3.622 2.8 1.376 28.2 4.578 4.357648999999999
Cd1S1 2.704503 1.76 0.445 1.0675 245.645 11.320469000000001 16.0 1.29 72.0 12.893436999999999 117.431293
C2H2 4.414537999999999 3.46 0.175 1.1875 959.2525 3.06375 2.5 1.275 38.0 3.3075 6.979423
B1I3 3.86274 2.71 1.485 1.2525 438.56875 17.027188 38.5 1.995 104.25 32.26125 194.166493
As2Br6 3.345451 2.58 1.675 1.3825 235.925 13.826875 18.0 2.22 90.0 22.11 115.127424
As2I6 3.161408 2.22 1.45 1.27 281.31875 18.9025 31.5 1.995 104.25 32.26125 140.52115
I6Pt2 0.14637999999999998 0.03 1.425 1.2825 400.24375 18.008125 20.25 1.995 104.25 32.26125 184.976871
Br6Nb2 1.448564 0.62 1.82 1.31 443.425 13.3275 16.0 2.22 90.0 22.11 154.53923999999998
Pb1Se1 2.54613 1.81 0.11 1.22 273.6525 13.5075 24.0 1.275 73.0 14.055 135.528334
Te2W1 1.462067 1.04 0.613333 1.0933329999999999 856.72 14.262777999999999 10.0 1.4 92.0 23.175556 346.311604
Cl4Zr2 1.376439 0.59 1.6633330000000002 1.275 411.866667 12.031667 2.0 2.106667 68.0 16.331667000000003 98.51214
Ca1I2 4.389752 3.31 1.44 1.053333 314.783333 20.633333 28.666666999999997 1.7733330000000003 92.666667 28.676667 152.252078
H2Ni1O2 3.15342 2.24 0.9940000000000001 0.879333 124.37466699999999 2.784 5.2 1.376 26.4 3.642 4.406103
Br2Re1 1.381208 0.93 1.34 1.303333 665.1 12.269167 1.666667 1.9733330000000002 80.0 19.653333 153.594647
N2Sn2 0.9594530000000001 0.18 0.54 1.25 142.0325 12.013437 21.5 1.52 69.5 16.6425 28.026415000000004
P2Sn2 1.9412099999999999 1.29 0.115 1.0375 205.595 13.96381 17.5 1.095 69.5 16.6425 97.437854
Bi2I6 3.274315 2.56 1.49 1.25 213.11875 20.249375 19.0 1.995 104.25 32.26125 92.642514
Cl2N2Rh2 0.288948 0.03 0.293333 0.9422219999999999 274.627778 5.878472 12.666667 1.053333 47.333333 8.165833000000001 15.059133
Br2Ge2N2 2.609648 1.48 0.343333 0.89 171.13888899999998 7.472639 9.333333 1.013333 40.0 9.826667 16.301396
As2O8Sb2 4.736004 3.42 1.9516669999999998 0.999444 122.94333300000001 5.008611 3.166667 2.293333 44.0 6.07 25.30644
Hf1I2 1.458021 0.77 1.34 1.103333 546.616667 18.038332999999998 11.333333 1.7733330000000003 92.666667 28.676667 197.059914
Cl6Cr2 3.251363 1.19 1.955 1.3925 336.85 10.585312 6.75 2.37 76.5 18.373125 104.113849
Ge1Se2 0.16187 0.01 1.03 1.185 366.566667 12.474167 12.0 1.7 80.0 17.28 181.39238
Br2Dy2S2 3.944515 2.93 0.58 0.751111 259.90666699999997 9.611875 16.666667 0.986667 64.0 10.413333 48.095679
Br2Rh2S2 1.069609 0.47 0.226667 0.8688889999999999 321.24 7.656319 9.666667 0.986667 47.333333 9.826667 49.13388
Ga2Ni1S4 1.984965 1.32 1.201429 0.754762 185.107619 7.199167 5.142857 1.474286 60.0 14.735357 49.722446000000005
Se2Sn1 0.626259 0.06 1.046667 1.176667 248.846667 14.1875 6.0 1.7 80.0 17.28 111.407078
As2Te3 1.164498 0.63 0.38799999999999996 1.0659999999999998 434.798 14.864 18.0 1.26 82.8 20.858 217.39733900000002
Br2Ge1 3.472087 2.65 1.303333 1.321667 290.5 13.660832999999998 12.666667 1.9733330000000002 80.0 19.653333 123.155525
Br6Sc2 4.470562 3.54 1.88 1.28 326.425 13.834375 21.0 2.22 90.0 22.11 138.47779
Cl2In2S2 2.802304 1.85 0.46 0.835556 109.96777800000001 8.282708 11.0 1.053333 47.333333 8.595625 31.067371
C1H2O2Sc2 0.966199 0.26 0.618571 0.591071 271.022143 2.9125 5.714286 0.982857 48.571428999999995 6.352857 3.150096
Cl2F2 4.415681 2.48 0.41 1.785 56.275 8.55125 4.0 1.99 51.0 12.24875 20.39227
Sn2Te2 1.12095 0.61 0.07 1.015 306.935 17.012082999999997 1.0 1.05 69.5 17.381667 148.647561
Ga2I6 1.071616 0.34 1.5425 1.22375 182.9325 18.487813 32.0 1.995 104.25 32.26125 60.053264
Br2Hf1 1.432391 0.86 1.54 1.203333 506.266667 13.526667000000002 0.666667 1.9733330000000002 80.0 19.653333 146.18883300000002
Br6V2 1.418675 1.1 1.8125 1.31375 372.55 12.68125 20.5 2.22 90.0 22.11 146.01431000000002
Br2Os1 0.320075 0.31 1.24 1.353333 639.6 12.175 2.0 1.9733330000000002 80.0 19.653333 152.653533
Bi2I2S2 2.847791 2.05 0.213333 0.806667 146.623333 11.305764 22.333333 0.886667 49.333333 14.338332999999999 47.640851
Cr2I2O2 2.312957 0.51 0.593333 0.8622219999999999 291.294444 7.034444000000001 15.0 1.146667 46.333333 14.338332999999999 15.655426
Ag1P2Sc1Se6 2.6762189999999997 1.97 1.3940000000000001 0.57425 166.18825 5.980637000000001 18.3 1.53 72.0 15.552 30.541736
Cr2I6 2.392758 1.11 1.58 1.205 417.56875 17.529375 33.75 1.995 104.25 32.26125 189.340004
Br6Cr2 1.925844 0.81 1.805 1.3175 372.175 12.45375 20.25 2.22 90.0 22.11 145.96057
Br6In2 4.104507 2.94 1.775 1.3325 153.39375 14.0875 14.0 2.22 90.0 22.11 69.812706
Pb1S1 2.7949650000000004 1.98 0.125 1.2275 247.2425 13.474219 33.0 1.29 73.0 14.055 117.92718700000002
Cl2Ge1 3.6212230000000005 2.63 1.436667 1.388333 259.1 12.0 0.666667 2.106667 68.0 16.331667000000003 89.144577
Br2S2Tl2 1.117548 0.24 0.446667 0.795556 136.795556 9.130764 21.666667 0.986667 48.333333 9.826667 41.303915
O2Rh2 1.050343 0.27 0.58 1.43 572.95 5.68625 18.5 1.72 71.0 6.82 26.744829
Br6Ga2 2.644381 1.57 1.7675 1.33625 137.53875 13.412188 18.5 2.22 90.0 22.11 54.880086999999996
Fe1O2 0.901314 0.47 1.6833330000000002 1.451667 320.1 4.823333 3.333333 2.293333 44.0 6.07 34.44854
Bi2Ge1Te4 1.459435 0.98 0.9128569999999999 0.688095 247.18285699999998 10.855159 25.142857 1.2 78.85714300000001 19.864762 68.356702
Cl6Y2 5.836614 4.42 2.065 1.3375 289.225 13.232187 3.0 2.37 76.5 18.373125 100.06539000000001
Br2Ga2O2 4.163404 2.86 0.543333 0.912222 69.278889 6.3825 9.0 1.146667 40.666667 9.826667 13.169134
Bi2I2Se2 1.8621450000000002 1.16 0.213333 0.803333 158.36111100000002 11.320556 16.333333 0.886667 49.333333 14.338332999999999 51.710392999999996
Ag1P2S6Sc1 3.1614880000000003 2.41 1.412 0.57875 150.34225 5.960668 7.5 1.548 63.0 15.472125 29.709019
As2Cl6 5.19906 4.04 1.825 1.4575 200.6 11.958437 4.5 2.37 76.5 18.373125 87.414631
Co3O8Ti1 2.391149 1.31 2.165 0.963889 213.427778 3.340694 4.9166669999999995 2.293333 44.0 6.07 27.919635999999997
As2I6 2.8954009999999997 2.24 1.45 1.27 281.31875 18.9025 31.5 1.995 104.25 32.26125 140.52115
Al2I6 1.944867 1.15 1.5925 1.19875 261.7525 18.190625 36.5 1.995 104.25 32.26125 129.337185
C2Hf3O2 0.998381 0.43 0.42571400000000004 0.7561899999999999 727.314286 4.575714 29.142857 0.982857 75.0 9.514286 15.217173999999998
Hf1O2 3.56538 1.99 1.86 1.363333 435.933333 6.735 18.666667 2.293333 58.333332999999996 7.4 35.002497999999996
Se2Ti1 1.538062 1.05 1.186667 1.106667 488.166667 11.421667 15.333332999999998 1.7 80.0 17.28 218.243769
Hf1Te2 0.9526959999999999 0.39 0.966667 0.916667 658.553333 15.287778 10.666667 1.4 92.0 23.175556 305.549531
Cd1I2 2.912878 1.86 1.21 1.168333 227.98666699999998 17.5875 19.333333 1.7733330000000003 92.666667 28.676667 112.03092099999999
I2Mg1 4.697951 3.64 1.336667 1.105 282.783333 18.153333 31.333333000000003 1.7733330000000003 92.666667 28.676667 140.29686999999998
Al2Cl6 5.262782 3.86 1.9675 1.38625 181.03375 11.246563 9.5 2.37 76.5 18.373125 82.952481
Br4Hf2 1.5397239999999999 0.86 1.54 1.203333 506.266667 13.526667000000002 0.666667 1.9733330000000002 80.0 19.653333 146.18883300000002
Au1Te2 0.310739 0.01 0.553333 1.123333 463.775 14.371110999999999 8.333333 1.4 92.0 23.175556 231.538257
Br6Sr1Th1 3.165432 1.84 2.10125 0.83375 194.491667 10.978333000000001 21.5 2.22 90.0 22.11 60.277735
S2V1 0.675083 0.58 1.176667 1.131667 493.28666699999997 10.763958 3.0 1.72 70.0 17.19125 190.96173100000001
Co1O2 2.7580270000000002 1.43 1.666667 1.46 312.933333 4.7425 3.666667 2.293333 44.0 6.07 34.400795
Br2Ga2Se2 1.481455 0.74 0.383333 0.813333 118.07888899999999 8.250833 1.333333 0.986667 40.666667 9.826667 36.679092
Se2Zr1 1.202815 0.5 1.256667 1.071667 519.333333 12.505833 9.333333 1.7 80.0 17.28 224.91056899999998
Cl2O2Os2 1.51086 0.72 0.413333 0.977778 392.48888900000003 5.299167 22.666667 1.146667 48.0 8.165833000000001 13.67344
In2Se2 2.180748 1.43 0.385 1.0825 230.9375 12.545 7.5 1.275 71.0 12.96 114.910149
In2Se2 2.089341 1.35 0.385 1.0825 230.9375 12.545 7.5 1.275 71.0 12.96 114.910149
Br6In2 3.233692 2.18 1.775 1.3325 153.39375 14.0875 14.0 2.22 90.0 22.11 69.812706
H2Mg3O4 3.854574 2.62 1.092222 0.818148 111.71185200000001 4.3822220000000005 3.777778 1.528889 47.0 7.63 2.73592
Br2V1 2.46348 1.3 1.43 1.258333 452.433333 11.995 15.666667000000002 1.9733330000000002 80.0 19.653333 142.498932
Al2H2O4 4.209486 2.87 1.3175 0.890833 88.09 3.4420830000000002 3.75 1.72 33.0 4.5525 3.064742
Cl2N2Pt2 1.493005 0.61 0.293333 0.9422219999999999 252.894444 6.031806 23.666667 1.053333 45.333333 8.165833000000001 15.030048999999998
I2W1 0.098347 0.03 0.986667 1.28 744.783333 17.013333 10.666667 1.7733330000000003 92.666667 28.676667 213.24781299999998
Ga2O2 2.8220709999999998 1.73 0.815 1.3125 89.4275 6.990625 11.5 1.72 61.0 9.42875 23.20241
Cl2Er2S2 4.088964 3.05 0.64 0.775556 258.884444 8.985486 17.333333 1.053333 63.0 10.195 37.171648
As1In1 1.4945760000000001 0.81 0.2 0.99 379.9375 11.60875 8.0 1.09 71.0 12.13 154.113341
C1O2Zr2 1.7207009999999998 0.97 0.866 0.8059999999999999 545.906667 4.6826669999999995 14.8 1.376 70.0 9.277999999999999 20.788671
Ge1O2 5.388883 3.58 1.623333 1.481667 220.166667 6.869167 5.3333330000000005 2.293333 44.0 7.6683330000000005 33.502256
Ga2Te2 2.100177 1.41 0.145 0.9775 256.3925 13.405207999999998 10.5 1.05 69.0 17.381667 106.721599
Ge1Te1 2.349707 1.66 0.045 1.0275 483.515 14.442082999999998 10.0 1.05 69.0 17.381667 226.319329
Bi2Se1Te2 1.49862 0.87 0.33 0.719333 201.874667 10.756444 26.4 0.84 59.2 13.905332999999999 55.026353
Br2In2S2 2.868545 1.96 0.393333 0.813333 120.434444 8.836319 11.0 0.986667 47.333333 9.826667 38.472968
Ba1Br2 6.125558 4.96 1.676667 1.135 255.26666699999998 20.425 4.6666669999999995 1.9733330000000002 80.0 21.196667 115.696004
